580	-46761.412	172237.925	44.900	1.7273	-1.1274	1.4269	0.0140	0.0150	0.0150
581	-46761.812	172240.890	44.900	1.7301	-1.1416	1.1092	0.0140	0.0150	0.0150
582	-46762.329	172243.762	44.900	1.7321	-1.3224	0.9088	0.0140	0.0150	0.0150
583	-46762.776	172246.819	44.900	1.7348	-1.3004	1.0264	0.0140	0.0150	0.0150
584	-46763.176	172249.783	44.800	1.7371	-1.1563	1.1037	0.0140	0.0150	0.0150
585	-46763.740	172252.687	44.800	1.7386	-1.1216	1.0216	0.0140	0.0150	0.0150
586	-46764.163	172255.744	44.800	1.7396	-1.2017	0.9083	0.0140	0.0150	0.0150
587	-46764.704	172258.586	44.800	1.7402	-1.3200	0.6860	0.0140	0.0150	0.0150
588	-46765.127	172261.643	44.800	1.7409	-1.1778	0.3646	0.0140	0.0150	0.0150
589	-46765.690	172264.577	44.800	1.7423	-1.2012	0.1908	0.0140	0.0150	0.0150
590	-46766.090	172267.572	44.800	1.7439	-1.3920	0.1300	0.0140	0.0150	0.0150
591	-46766.654	172270.476	44.800	1.7453	-1.2776	0.0969	0.0140	0.0150	0.0150
592	-46767.100	172273.502	44.700	1.7468	-1.1400	0.1349	0.0140	0.0150	0.0150
593	-46767.641	172276.405	44.700	1.7481	-1.3300	0.1690	0.0140	0.0150	0.0150
594	-46768.204	172279.463	44.700	1.7495	-1.3206	0.0021	0.0140	0.0150	0.0150
595	-46768.628	172282.335	44.700	1.7506	-1.4070	-0.0505	0.0140	0.0150	0.0150
596	-46769.167	172285.424	44.688	1.7522	-1.6192	-0.1420	0.0140	0.0150	0.0150
597	-46769.731	172288.327	44.600	1.7529	-1.3500	-0.4860	0.0140	0.0150	0.0150
598	-46770.294	172291.385	44.600	1.7536	-1.2800	-0.8624	0.0140	0.0150	0.0150
599	-46770.717	172294.319	44.600	1.7553	-1.2674	-0.9400	0.0140	0.0150	0.0150
600	-46771.304	172297.315	44.600	1.7571	-1.3638	-0.8954	0.0140	0.0150	0.0150
601	-46771.867	172300.342	44.500	1.7587	-1.3276	-0.8376	0.0140	0.0150	0.0150
602	-46772.430	172303.246	44.500	1.7615	-1.3590	-0.7275	0.0140	0.0150	0.0150
603	-46772.994	172306.180	44.500	1.7653	-1.4575	-0.6550	0.0140	0.0150	0.0150
604	-46773.558	172309.115	44.500	1.7685	-1.3712	-0.7184	0.0140	0.0150	0.0150
605	-46774.121	172312.018	44.406	1.7714	-1.3876	-0.7206	0.0140	0.0150	0.0150
606	-46774.684	172315.138	44.400	1.7745	-1.3692	-0.6500	0.0140	0.0150	0.0150
607	-46775.271	172318.042	44.400	1.7760	-1.4375	-0.6990	0.0140	0.0150	0.0150
608	-46775.834	172320.976	44.400	1.7771	-1.3503	-0.8932	0.0140	0.0150	0.0150
609	-46776.421	172323.911	44.400	1.7767	-1.2834	-1.1873	0.0140	0.0150	0.0150
610	-46777.054	172326.876	44.348	1.7768	-1.3856	-1.1992	0.0140	0.0150	0.0150
611	-46777.711	172329.873	44.300	1.7774	-1.4572	-1.1804	0.0140	0.0150	0.0150
612	-46778.320	172332.870	44.300	1.7762	-1.5176	-1.3016	0.0140	0.0150	0.0150
613	-46778.907	172335.835	44.300	1.7750	-1.4614	-1.2988	0.0140	0.0150	0.0150
614	-46779.425	172338.646	44.254	1.7747	-1.5184	-1.0740	0.0140	0.0150	0.0150
615	-46780.058	172341.611	44.200	1.7745	-1.6344	-0.9084	0.0140	0.0150	0.0150
616	-46780.598	172344.638	44.200	1.7742	-1.6465	-0.9205	0.0140	0.0150	0.0150
617	-46781.184	172347.635	44.200	1.7740	-1.6206	-0.9300	0.0140	0.0150	0.0150
618	-46781.817	172350.631	44.200	1.7747	-1.5211	-0.8448	0.0140	0.0150	0.0150
619	-46782.381	172353.535	44.100	1.7754	-1.4700	-0.7416	0.0140	0.0150	0.0150
620	-46783.014	172356.470	44.100	1.7761	-1.5100	-0.7435	0.0140	0.0150	0.0150
621	-46783.648	172359.312	44.100	1.7764	-1.4512	-0.9520	0.0140	0.0150	0.0150
622	-46784.164	172362.339	44.100	1.7767	-1.4301	-1.0999	0.0140	0.0150	0.0150
623	-46784.798	172365.181	44.013	1.7794	-1.3513	-0.9952	0.0140	0.0150	0.0150
624	-46785.455	172368.209	44.000	1.7831	-1.3500	-0.8610	0.0140	0.0150	0.0150
625	-46786.018	172371.174	44.000	1.7871	-1.4538	-0.7900	0.0140	0.0150	0.0150
626	-46786.675	172374.109	44.000	1.7914	-1.5230	-0.8522	0.0140	0.0150	0.0150
627	-46787.355	172376.952	44.000	1.7963	-1.3266	-0.9790	0.0140	0.0150	0.0150
628	-46787.941	172379.979	43.916	1.8029	-1.4168	-1.0300	0.0140	0.0150	0.0150
629	-46788.622	172382.822	43.900	1.8114	-1.3036	-0.9918	0.0140	0.0150	0.0150
630	-46789.464	172385.850	43.900	1.8208	-1.3294	-0.8215	0.0140	0.0150	0.0150
631	-46790.144	172388.847	43.900	1.8309	-1.2998	-0.6195	0.0140	0.0150	0.0150
632	-46790.965	172391.629	43.900	1.8419	-1.3605	-0.4692	0.0140	0.0150	0.0150
633	-46791.784	172394.596	43.800	1.8533	-1.4103	-0.2210	0.0140	0.0150	0.0150
634	-46792.581	172397.501	43.800	1.8645	-1.3786	-0.0535	0.0140	0.0150	0.0150
635	-46793.494	172400.376	43.800	1.8746	-1.4100	0.0300	0.0140	0.0150	0.0150
636	-46794.292	172403.189	43.800	1.8818	-1.3665	-0.1470	0.0140	0.0150	0.0150
637	-46795.251	172406.064	43.700	1.8822	-1.1906	-0.5564	0.0140	0.0150	0.0150
638	-46796.119	172408.877	43.700	1.8803	-1.2042	-0.6737	0.0140	0.0150	0.0150
639	-46797.079	172411.752	43.700	1.8787	-1.2482	-0.6855	0.0140	0.0150	0.0150
640	-46797.969	172414.535	43.643	1.8746	-1.3470	-0.7642	0.0140	0.0150	0.0150
641	-46798.812	172417.440	43.600	1.8708	-1.4040	-0.6860	0.0140	0.0150	0.0150
642	-46799.656	172420.315	43.600	1.8655	-1.4358	-0.5821	0.0140	0.0150	0.0150
643	-46800.499	172423.189	43.600	1.8582	-1.2856	-0.6644	0.0140	0.0150	0.0150
644	-46801.320	172426.002	43.500	1.8509	-1.2310	-0.6990	0.0140	0.0150	0.0150
645	-46802.093	172428.999	43.500	1.8438	-1.2400	-0.7000	0.0140	0.0150	0.0150
646	-46802.843	172431.812	43.500	1.8369	-1.2200	-0.7094	0.0140	0.0150	0.0150
647	-46803.593	172434.747	43.500	1.8309	-1.2457	-0.7686	0.0140	0.0150	0.0150
648	-46804.343	172437.683	43.500	1.8264	-1.2009	-0.7045	0.0140	0.0150	0.0150
649	-46805.000	172440.525	43.500	1.8250	-1.2400	-0.6700	0.0140	0.0150	0.0150
650	-46805.820	172443.492	43.500	1.8240	-1.2200	-0.6981	0.0140	0.0150	0.0150
651	-46806.477	172446.397	43.400	1.8230	-1.2731	-0.7177	0.0140	0.0150	0.0150
652	-46807.250	172449.240	43.400	1.8228	-1.1590	-0.6714	0.0140	0.0150	0.0150
653	-46807.908	172452.052	43.400	1.8237	-1.1694	-0.6304	0.0140	0.0150	0.0150
654	-46808.680	172455.080	43.400	1.8247	-1.2100	-0.6632	0.0140	0.0150	0.0150
655	-46809.454	172457.892	43.400	1.8252	-1.1837	-0.6926	0.0140	0.0150	0.0150
656	-46810.204	172460.890	43.300	1.8258	-1.1316	-0.7376	0.0140	0.0150	0.0150
657	-46810.861	172463.825	43.300	1.8254	-1.2560	-0.7700	0.0140	0.0150	0.0150
658	-46811.634	172466.761	43.300	1.8256	-1.3265	-0.7610	0.0140	0.0150	0.0150
659	-46812.314	172469.665	43.232	1.8263	-1.2296	-0.7300	0.0140	0.0150	0.0150
660	-46813.064	172472.539	43.200	1.8265	-1.3146	-0.7673	0.0140	0.0150	0.0150
661	-46813.814	172475.413	43.200	1.8268	-1.3376	-0.8100	0.0140	0.0150	0.0150
662	-46814.542	172478.256	43.200	1.8270	-1.3032	-0.8300	0.0140	0.0150	0.0150
663	-46815.267	172481.284	43.100	1.8270	-1.3351	-0.8098	0.0140	0.0150	0.0150
664	-46815.995	172484.127	43.100	1.8274	-1.2990	-0.7320	0.0140	0.0150	0.0150
665	-46816.721	172487.124	43.100	1.8290	-1.2887	-0.6752	0.0140	0.0150	0.0150
666	-46817.471	172489.967	43.100	1.8316	-1.2096	-0.6300	0.0140	0.0150	0.0150
667	-46818.222	172492.810	43.000	1.8343	-1.2421	-0.6216	0.0140	0.0150	0.0150
668	-46819.041	172495.777	43.000	1.8371	-1.1815	-0.5826	0.0140	0.0150	0.0150
669	-46819.837	172498.744	43.000	1.8400	-1.1300	-0.5600	0.0140	0.0150	0.0150
670	-46820.588	172501.525	43.000	1.8424	-1.1532	-0.5534	0.0140	0.0150	0.0150
671	-46821.361	172504.492	43.000	1.8445	-1.2860	-0.5700	0.0140	0.0150	0.0150
672	-46822.227	172507.490	42.902	1.8465	-1.2508	-0.6194	0.0140	0.0150	0.0150
673	-46822.932	172510.210	42.900	1.8480	-1.2312	-0.5982	0.0140	0.0150	0.0150
674	-46823.798	172513.146	42.900	1.8498	-1.2932	-0.5236	0.0140	0.0150	0.0150
675	-46824.502	172516.020	42.900	1.8518	-1.2900	-0.5025	0.0140	0.0150	0.0150
676	-46825.368	172518.894	42.800	1.8538	-1.3332	-0.5366	0.0140	0.0150	0.0150
677	-46826.212	172521.738	42.800	1.8559	-1.3483	-0.5461	0.0140	0.0150	0.0150
678	-46827.055	172524.705	42.800	1.8580	-1.3145	-0.5165	0.0140	0.0150	0.0150
679	-46827.899	172527.549	42.800	1.8603	-1.3498	-0.4451	0.0140	0.0150	0.0150
680	-46828.742	172530.362	42.700	1.8625	-1.3188	-0.4406	0.0140	0.0150	0.0150
681	-46829.562	172533.298	42.700	1.8643	-1.2814	-0.4814	0.0140	0.0150	0.0150
682	-46830.406	172536.111	42.700	1.8661	-1.2723	-0.5595	0.0140	0.0150	0.0150
683	-46831.226	172539.016	42.700	1.8676	-1.2361	-0.6727	0.0140	0.0150	0.0150
684	-46832.046	172541.829	42.600	1.8683	-1.2926	-0.8052	0.0140	0.0150	0.0150
685	-46832.890	172544.703	42.600	1.8686	-1.3556	-0.9056	0.0140	0.0150	0.0150
686	-46833.849	172547.609	42.600	1.8692	-1.3770	-0.9165	0.0140	0.0150	0.0150
687	-46834.670	172550.453	42.535	1.8704	-1.3830	-0.9100	0.0140	0.0150	0.0150
688	-46835.490	172553.358	42.500	1.8717	-1.4195	-0.9430	0.0140	0.0150	0.0150
689	-46836.450	172556.203	42.500	1.8730	-1.3550	-1.0260	0.0140	0.0150	0.0150
690	-46837.270	172559.108	42.500	1.8744	-1.1675	-1.1650	0.0140	0.0150	0.0150
691	-46838.090	172561.890	42.500	1.8756	-1.2184	-1.2928	0.0140	0.0150	0.0150
692	-46839.050	172564.858	42.436	1.8770	-1.3056	-1.2844	0.0140	0.0150	0.0150
693	-46839.847	172567.608	42.400	1.8784	-1.4252	-1.1385	0.0140	0.0150	0.0150
694	-46840.807	172570.453	42.400	1.8800	-1.3433	-1.0463	0.0140	0.0150	0.0150
695	-46841.627	172573.327	42.400	1.8813	-1.2461	-1.0583	0.0140	0.0150	0.0150
696	-46842.587	172576.295	42.400	1.8825	-1.3600	-1.0440	0.0140	0.0150	0.0150
697	-46843.477	172579.047	42.300	1.8834	-1.3484	-0.9826	0.0140	0.0150	0.0150
698	-46844.344	172581.983	42.300	1.8837	-1.3108	-0.9844	0.0140	0.0150	0.0150
699	-46845.304	172584.735	42.300	1.8837	-1.1700	-1.0432	0.0140	0.0150	0.0150
700	-46846.171	172587.640	42.300	1.8837	-1.2300	-1.1404	0.0140	0.0150	0.0150
